0 0 0
0 0 32
784450848 0 0
32681 0 0
3 1660445616 0
0 32765 0
0 0 0
0 0 0
0 0 1
0 0 0
0 0 61765110
0 0 1
0 784504816 0
0 32681 0
1736415839 784696568 0
0 32681 0
784696568 1660445616 0
32681 32765 0
1660445544 784502784 0
32765 32681 0
784505281 784505364 0
32681 32681 0
1660445248 784504000 0
32765 32681 0
1660445264 784691272 0
32765 32681 0
784552433 0 576
32681 0 832
1 1 832
0 0 832
784452056 782430928 832
32681 32681 832
9 784505600 832
0 32681 832
0 1224 832
0 0 832
1 42 832
0 0 832
784693736 0 832
32681 0 832
1660445332 0 832
32765 0 832
784452056 0 832
32681 0 832
784693736 0 832
32681 0 832
784696568 0 832
32681 0 832
0 784453120 832
0 32681 832
1660887480 -1699388182 832
32765 129 832
784655039 0 832
32681 0 832
1 784695696 832
0 32681 832
-1 -8 0
0 -1 0
1660445332 784609152 256
32765 32681 0
782430928 1660446176 0
32681 32765 0
784449536 784521147 0
32681 32681 0
1660445824 0 0
32765 0 0
1660445520 0 0
32765 0 0
0 839290068 0
0 -21964 0
1660445328 0 0
32765 0 0
1660445568 4 0
32765 0 0
784579548 1 0
32681 0 0
784688953 784697088 0
32681 32681 0
784506800 784454976 0
32681 32681 0
1660445664 784695648 -839290816
32765 32681 21963
7 1660445697 240
0 32765 0
7 784693736 194
8 32681 0
784504192 0 1660446215
32681 0 32765
784693736 0 1660446214
32681 0 32765
784559908 0 -839286003
32681 0 21963
9 0 784446184
0 0 32681
784562089 0 -839286080
32681 0 21963
1660445488 1660887576 0
32765 32765 0
782513752 0 -839286624
32681 0 21963
0 0 1660446480
0 32 32765
0 0 -995160832
0 0 -1278074178
1660445616 0 0
32765 0 0
0 0 782557315
0 0 32681
0 1 784688672
0 0 32681
0 61765110 1660446488
0 1 32765
784504816 0 0
32681 0 1
784696568 0 -839286391
32681 0 21963
1660445616 0 -839286080
32765 0 21963
784502784 0 1389033799
32681 0 -256730119
784505364 0 -839286624
32681 0 21963
784504000 0 1660446480
32681 0 32765
784691272 0 0
32681 0 0
0 576 0
0 832 0
1 832 -1632962233
0 832 256400905
782430928 832 -1834682041
32681 832 266389168
784505600 832 0
32681 832 0
1224 832 0
0 832 0
42 832 0
0 832 0
0 832 1
0 832 0
0 832 1660446488
0 832 32765
0 832 1660446504
0 832 32765
0 832 784695696
0 832 32681
0 832 0
0 832 0
784453120 832 0
32681 832 0
-1699388182 832 -839286624
129 832 21963
0 832 1660446480
0 832 32765
784695696 832 0
32681 832 0
-8 0 0
-1 0 0
784609152 256 -839286578
32681 0 21963
1660446176 0 1660446472
32765 0 32765
784521147 0 28
32681 0 0
0 0 1
0 0 0
0 0 1660449909
0 0 32765
839290068 0 0
-21964 0 0
0 0 1660449917
0 0 32765
4 0 1660449933
0 0 32765
1 0 1660449956
0 0 32765
784697088 0 1660449968
32681 0 32765
784454976 0 1660450027
32681 0 32765
784695648 -839290816 1660450042
32681 21963 32765
1660445697 240 1660450065
32765 0 32765
784693736 194 1660450083
32681 0 32765
0 1660446215 1660450096
0 32765 32765
0 1660446214 1660450127
0 32765 32765
0 -839286003 1660451633
0 21963 32765
0 784446184 1660451659
0 32681 32765
0 -839286080 1660451693
0 21963 32765
1660887576 0 1660451713
32765 0 32765
0 -839286624 1660451745
0 21963 32765
0 1660446480 1660451757
32 32765 32765
0 -995160832 1660451768
0 -1278074178 32765
0 0 1660451776
0 0 32765
0 782557315 1660451814
0 32681 32765
1 784688672 1660451822
0 32681 32765
61765110 1660446488 1660451887
1 32765 32765
0 0 1660452787
0 1 32765
0 -839286391 1660452803
0 21963 32765
0 -839286080 1660452838
0 21963 32765
0 1389033799 0
0 -256730119 0
0 -839286624 33
0 21963 0
0 1660446480 1660887040
0 32765 32765
0 0 16
0 0 0
576 0 529267711
832 0 0
832 -1632962233 6
832 256400905 0
832 -1834682041 4096
832 266389168 0
832 0 17
832 0 0
832 0 100
832 0 0
832 0 3
832 0 0
832 1 -839290816
832 0 21963
832 1660446488 4
832 32765 0
832 1660446504 56
832 32765 0
832 784695696 5
832 32681 0
832 0 13
832 0 0
832 0 7
832 0 0
832 -839286624 784502784
832 21963 32681
832 1660446480 8
832 32765 0
832 0 0
832 0 0
0 0 9
0 0 0
256 -839286578 -839286624
0 21963 21963
0 1660446472 11
0 32765 0
0 28 1000
0 0 0
0 1 12
0 0 0
0 1660449909 1000
0 32765 0
0 0 13
0 0 0
0 1660449917 1000
0 32765 0
0 1660449933 14
0 32765 0
0 1660449956 1000
0 32765 0
0 1660449968 23
0 32765 0
0 1660450027 0
0 32765 0
-839290816 1660450042 25
21963 32765 0
240 1660450065 1660447033
0 32765 32765
194 1660450083 26
0 32765 0
1660446215 1660450096 2
32765 32765 0
1660446214 1660450127 31
32765 32765 0
-839286003 1660451633 1660452848
21963 32765 32765
784446184 1660451659 15
32681 32765 0
-839286080 1660451693 1660447049
21963 32765 32765
0 1660451713 0
0 32765 0
-839286624 1660451745 0
21963 32765 0
1660446480 1660451757 0
32765 32765 0
-995160832 1660451768 -1358083584
-1278074178 32765 -769474876
0 1660451776 -56007245
0 32765 -1544005299
782557315 1660451814 909670524
32681 32765 3421791
784688672 1660451822 0
32681 32765 0
1660446488 1660451887 0
32765 32765 0
0 1660452787 0
1 32765 0
-839286391 1660452803 0
21963 32765 0
-839286080 1660452838 0
21963 32765 0
1389033799 0 0
-256730119 0 0
-839286624 33 0
21963 0 0
1660446480 1660887040 0
32765 32765 0
0 16 0
0 0 0
0 529267711 0
0 0 0
-1632962233 6 0
256400905 0 0
-1834682041 4096 0
266389168 0 0
0 17 0
0 0 0
0 100 0
0 0 0
0 3 0
0 0 0
1 -839290816 0
0 21963 0
1660446488 4 0
32765 0 0
1660446504 56 0
32765 0 0
784695696 5 0
32681 0 0
0 13 0
0 0 0
0 7 0
0 0 0
-839286624 784502784 0
21963 32681 0
1660446480 8 0
32765 0 0
0 0 0
0 0 0
0 9 0
0 0 0
-839286578 -839286624 0
21963 21963 0
1660446472 11 0
32765 0 0
28 1000 0
0 0 0
1 12 0
0 0 0
1660449909 1000 0
32765 0 0
0 13 0
0 0 0
1660449917 1000 0
32765 0 0
1660449933 14 0
32765 0 0
1660449956 1000 0
32765 0 0
1660449968 23 0
32765 0 0
1660450027 0 0
32765 0 0
1660450042 25 0
32765 0 0
1660450065 1660447033 0
32765 32765 0
1660450083 26 0
32765 0 0
1660450096 2 0
32765 0 0
1660450127 31 0
32765 0 0
1660451633 1660452848 0
32765 32765 0
1660451659 15 0
32765 0 0
1660451693 1660447049 0
32765 32765 0
1660451713 0 0
32765 0 0
1660451745 0 0
32765 0 0
1660451757 0 0
32765 0 0
1660451768 -1358083584 0
32765 -769474876 0
1660451776 -56007245 0
32765 -1544005299 0
1660451814 909670524 0
32765 3421791 0
1660451822 0 0
32765 0 0
1660451887 0 0
32765 0 0
1660452787 0 0
32765 0 0
1660452803 0 0
32765 0 0
1660452838 0 0
32765 0 0
0 0 0
0 0 0
33 0 0
0 0 0
1660887040 0 0
32765 0 0
16 0 0
0 0 0
529267711 0 0
0 0 0
6 0 0
0 0 0
4096 0 0
0 0 0
17 0 0
0 0 0
100 0 0
0 0 0
3 0 0
0 0 0
-839290816 0 0
21963 0 0
4 0 0
0 0 0
56 0 0
0 0 0
5 0 0
0 0 0
13 0 0
0 0 0
7 0 0
0 0 0
784502784 0 0
32681 0 0
8 0 0
0 0 0
0 0 0
0 0 0
9 0 0
0 0 0
-839286624 0 0
21963 0 0
11 0 0
0 0 0
1000 0 0
0 0 0
12 0 0
0 0 0
1000 0 0
0 0 0
13 0 0
0 0 0
1000 0 0
0 0 0
14 0 0
0 0 0
1000 0 0
0 0 0
23 0 0
0 0 0
0 0 0
0 0 0
25 0 0
0 0 0
1660447033 0 0
32765 0 0
26 0 0
0 0 0
2 0 0
0 0 0
31 0 0
0 0 0
1660452848 0 0
32765 0 0
15 0 0
0 0 0
1660447049 0 0
32765 0 0
0 0 0
0 0 0
0 0 0
0 0 0
0 0 0
0 0 0
-1358083584 0 0
-769474876 0 0
-56007245 0 0
-1544005299 0 0
909670524 0 0
3421791 0 0
0 0 0
0 0 0
0 0 0
0 0 0
0 0 0
0 0 0
0 0 0
0 0 0
0 0 0
0 0 0
0 0 0
0 0 0
0 0 0
0 0 0
0 0 0
0 0 0
0 0 0
0 0 0
0 0 0
0 0 0
0 0 0
0 0 0
0 0 0
0 0 0
0 0 0
0 0 0
0 0 0
0 0 0
0 0 0
0 0 0
0 0 0
0 0 0
0 0 0
0 0 0
0 0 0
0 0 0
0 0 0
0 0 0
0 0 0
0 0 0
0 0 0
0 0 0
0 0 0
0 0 0
0 0 0
0 0 0
0 0 0
0 0 0
0 0 0
0 0 0
0 0 0
0 0 0
0 0 0
0 0 0
0 0 0
0 0 0
0 0 0
0 0 0
0 0 0
0 0 0
0 0 0
0 0 0
0 0 0
0 0 0
0 0 0
0 0 0
0 0 0
0 0 0
0 0 0
0 0 0
0 0 0
0 0 0
0 0 0
0 0 0
0 0 0
0 0 0
0 0 0
0 0 0
0 0 0
0 0 0
0 0 0
0 0 0
0 0 0
0 0 0
0 0 0
0 0 0
0 0 0
0 0 0
0 0 0
0 0 0
0 0 0
0 0 0
0 0 0
0 0 0
0 0 0
0 0 0
0 0 0
0 0 0
0 0 0
0 0 0
0 0 0
0 0 0
0 0 0
0 0 0
0 0 0
0 0 0
0 0 0
0 0 0
0 0 0
0 0 0
0 0 0
0 0 0
0 0 0
0 0 0
0 0 0
0 0 0
0 0 0
0 0 0
0 0 0
0 0 0
0 0 0
0 0 0
0 0 0
0 0 0
0 0 0
0 0 0
0 0 0
0 0 0
0 0 0
0 0 0
0 0 0
0 0 0
0 0 0
0 0 0
0 0 0
0 0 0
0 0 0
0 0 0
0 0 0
0 0 0
0 0 0
0 0 0
0 0 0
0 0 0
0 0 0
0 0 0
0 0 0
0 0 0
0 0 0
0 0 0
0 0 0
0 0 0
0 0 0
0 0 0
0 0 0
0 0 0
0 0 0
0 0 0
0 0 0
0 0 0
0 0 0
0 0 0
0 0 0
0 0 0
0 0 0
0 0 0
0 0 0
0 0 0
0 0 0
0 0 0
0 0 0
0 0 0
0 0 0
0 0 0
0 0 0
0 0 0
0 0 0
0 0 0
0 0 0
0 0 0
0 0 0
0 0 0
0 0 0
0 0 0
0 0 0
0 0 0
0 0 0
0 0 0
0 0 0
0 0 0
0 0 0
0 0 0
0 0 0
0 0 0
0 0 0
0 0 0
0 0 0
0 0 0
0 0 0
0 0 0
0 0 0
0 0 0
0 0 0
0 0 0
0 0 0
0 0 0
0 0 0
0 0 0
0 0 0
0 0 0
0 0 0
0 0 0
0 0 0
0 0 0
0 0 0
0 0 0
0 0 0
0 0 0
0 0 0
0 0 0
0 0 0
0 0 0
0 0 0
0 0 0
0 0 0
0 0 0
0 0 0
0 0 0
0 0 0
0 0 0
0 0 0
0 0 0
0 0 0
0 0 0
0 0 0
0 0 0
0 0 0
0 0 0
0 0 0
0 0 0
0 0 0
0 0 0
0 0 0
0 0 0
0 0 0
0 0 0
0 0 0
0 0 0
0 0 0
0 0 0
0 0 0
0 0 0
0 0 0
0 0 0
0 0 0
0 0 0
0 0 0
0 0 0
0 0 0
0 0 0
0 0 0
0 0 0
0 0 0
0 0 0
0 0 0
0 0 0
0 0 0
0 0 0
0 0 0
0 0 0
0 0 0
0 0 0
0 0 0
0 0 0
0 0 0
0 0 0
0 0 0
0 0 0
0 0 0
0 0 0
0 0 0
0 0 0
0 0 0
0 0 0
0 0 0
0 0 0
0 0 0
0 0 0
0 0 0
0 0 0
0 0 0
0 0 0
0 0 0
0 0 0
0 0 0
0 0 0
0 0 0
0 0 0
0 0 0
0 0 0
0 0 0
0 0 0
0 0 0
0 0 0
0 0 0
0 0 0
0 0 0
0 0 0
0 0 0
0 0 0
0 0 0
0 0 0
0 0 0
0 0 0
0 0 0
0 0 0
0 0 0
0 0 0
0 0 0
0 0 0
0 0 0
0 0 0
0 0 0
0 0 0
0 0 0
0 0 0
0 0 0
0 0 0
0 0 0
0 0 0
0 0 0
0 0 0
0 0 0
0 0 0
0 0 0
0 0 0
0 0 0
0 0 0
0 0 0
0 0 0
0 0 0
0 0 0
0 0 0
0 0 0
0 0 0
0 0 0
0 0 0
0 0 0
0 0 0
0 0 0
0 0 0
0 0 0
0 0 0
0 0 0
0 0 0
0 0 0
0 0 0
0 0 0
0 0 0
0 0 0
0 0 0
0 0 0
0 0 0
0 0 0
0 0 0
0 0 0
0 0 0
0 0 0
0 0 0
0 0 0
0 0 0
0 0 0
0 0 0
0 0 0
0 0 0
0 0 0
0 0 0
0 0 0
0 0 0
0 0 0
0 0 0
0 0 0
0 0 0
0 0 0
0 0 0
0 0 0
0 0 0
0 0 0
0 0 0
0 0 0
0 0 0
0 0 0
0 0 0
0 0 0
0 0 0
0 0 0
0 0 0
0 0 0
0 0 0
0 0 0
0 0 0
0 0 0
0 0 0
0 0 0
0 0 0
0 0 0
0 0 0
0 0 0
0 0 0
0 0 0
0 0 0
0 0 0
0 0 0
0 0 0
0 0 0
0 0 0
0 0 0
0 0 0
0 0 0
0 0 0
0 0 0
0 0 0
0 0 0
0 0 0
0 0 0
0 0 0
0 0 0
0 0 0
0 0 0
0 0 0
0 0 0
0 0 0
0 0 0
0 0 0
0 0 0
0 0 0
0 0 0
0 0 0
0 0 0
0 0 0
0 0 0
0 0 0
0 0 0
0 0 0
0 0 0
0 0 0
0 0 0
0 0 0
0 0 0
0 0 0
0 0 0
0 0 0
0 0 0
0 0 0
0 0 0
0 0 0
0 0 0
0 0 0
0 0 0
0 0 0
0 0 0
0 0 0
0 0 0
0 0 0
0 0 0
0 0 0
0 0 0
0 0 0
0 0 0
0 0 0
0 0 0
0 0 0
0 0 0
0 0 0
0 0 0
0 0 0
0 0 0
0 0 0
0 0 0
0 0 0
0 0 0
0 0 0
0 0 0
0 0 0
0 0 0
0 0 0
0 0 0
0 0 0
0 0 0
0 0 0
0 0 0
0 0 0
0 0 0
0 0 0
0 0 0
0 0 0
0 0 0
0 0 0
0 0 0
0 0 0
0 0 0
0 0 0
0 0 0
0 0 0
0 0 0
0 0 0
0 0 0
0 0 0
0 0 0
0 0 0
0 0 0
0 0 0
0 0 0
0 0 1898917376
0 0 1953853230
0 0 1162367744
0 0 792546380
0 0 795765090
0 0 1752392034
0 0 1280530176
0 0 1397310559
0 0 1599033940
0 0 1162690894
0 0 1969378621
0 0 7697518
0 0 1162690894
0 0 1212699453
0 0 4737096
0 0 1027888976
0 0 1953393967
0 0 1395614767
0 0 2036626804
0 0 1634751264
0 0 1093625187
0 0 1853252964
0 0 1718574964
0 0 1685013343
0 0 1681993573
0 0 1953391990
0 0 761687853
0 0 1701080899
0 0 792020015
0 0 1275086931
0 0 1095649103
0 0 1933395277
0 0 1851877481
0 0 1330446452
0 0 1398752340
0 0 1314344776
0 0 1685091645
0 0 761623649
0 0 1685352301
0 0 1297041408
0 0 1747926341
0 0 795176303
0 0 1634232691
0 0 1275098222
0 0 1028083265
0 0 1414868547
0 0 3681606
0 0 1598837591
0 0 1163152969
0 0 1028673362
0 0 1853190703
0 0 1280530223
0 0 1767847983
0 0 1919251566
0 0 1275097199
0 0 1329815379
0 0 1397903180
0 0 1030976061
0 0 1768176176
0 0 993079357
0 0 1815753779
0 0 825245038
0 0 976630587
0 0 809330797
0 0 1768962608
0 0 993014845
0 0 1933194035
0 0 825245039
0 0 976565051
0 0 809332580
0 0 892549937
0 0 1029988922
0 0 859516980
0 0 825244467
0 0 1029989178
0 0 859516980
0 0 825244467
0 0 1030909754
0 0 859516980
0 0 825244465
0 0 1030319418
0 0 1933193264
0 0 926104949
0 0 976303163
0 0 859662195
0 0 859061040
0 0 1029792570
0 0 876294195
0 0 2004105777
0 0 993014589
0 0 1866084916
0 0 875773303
0 0 976368699
0 0 859665523
0 0 875838263
0 0 1031300410
0 0 859517232
0 0 774519346
0 0 1030906228
0 0 859517232
0 1898917376 774519345
0 1953853230 1031432052
0 1162367744 859517232
0 792546380 774519345
0 795765090 1029927521
0 1752392034 859517232
0 1280530176 774519345
0 1397310559 1030386273
0 1599033940 859517232
0 1162690894 774519345
0 1969378621 1031430516
0 7697518 859517232
0 1162690894 774519345
0 1212699453 1029793900
0 4737096 859517232
0 1027888976 774519345
0 1953393967 1026849388
0 1395614767 859517232
0 2036626804 774519345
0 1634751264 1030257260
0 1093625187 859517232
0 1853252964 774519345
0 1718574964 1634564716
0 1685013343 993079357
0 1681993573 708456755
0 1953391990 2053927982
0 761687853 993079357
0 1701080899 708456755
0 792020015 2054714414
0 1275086931 993079357
0 1095649103 708456755
0 1933395277 1870296110
0 1851877481 993079357
0 1330446452 708456755
0 1398752340 2050454574
0 1314344776 993079357
0 1685091645 708456755
0 761623649 1885960750
0 1685352301 993079357
0 1297041408 708456755
0 1747926341 809335342
0 795176303 825441073
0 1634232691 1680747066
0 1275098222 825245050
0 1028083265 976302907
0 1414868547 2053582378
0 3681606 993079357
0 1598837591 708456755
0 1163152969 2054319150
0 1028673362 993079357
0 1853190703 708456755
0 1280530223 1031433262
0 1767847983 859517232
0 1919251566 774519345
0 1275097199 1030716012
0 1329815379 859517232
0 1397903180 774519345
0 1030976061 809335416
0 1768176176 825441073
0 993079357 2049845818
0 1815753779 809333875
0 825245038 825441073
0 976630587 1949182522
0 809330797 1031041914
0 1768962608 859517232
0 993014845 774519345
0 1933194035 1026718306
0 825245039 859517232
0 976565051 774519345
0 809332580 809335394
0 892549937 825441073
0 1029988922 1949182522
0 859516980 809335394
0 825244467 825441073
0 1029989178 1949182522
0 859516980 1026718306
0 825244467 859517232
0 1030909754 774519345
0 859516980 809335412
0 825244465 825441073
0 1030319418 1680747066
0 1933193264 809329253
0 926104949 825441073
0 976303163 1915628090
0 859662195 809332080
0 859061040 825441073
0 1029792570 1781410362
0 876294195 809333345
0 2004105777 825441073
0 993014589 1999514170
0 1866084916 809333345
0 875773303 825441073
0 976368699 1697524282
0 859665523 809333345
0 875838263 825441073
0 1031300410 1932405306
0 859517232 809333345
0 774519346 825441073
0 1030906228 1915628090
0 859517232 809333345
1898917376 774519345 825441073
1953853230 1031432052 1630415418
1162367744 859517232 809335404
792546380 774519345 825441073
795765090 1029927521 1630415418
1752392034 859517232 809330019
1280530176 774519345 825441073
1397310559 1030386273 2049845818
1599033940 859517232 809332591
1162690894 774519345 825441073
1969378621 1031430516 1663969850
7697518 859517232 1030711664
1162690894 774519345 859517232
1212699453 1029793900 774519345
4737096 859517232 809335351
1027888976 774519345 825441073
1953393967 1026849388 1915628090
1395614767 859517232 825245050
2036626804 774519345 976302907
1634751264 1030257260 1633889834
1093625187 859517232 825245026
1853252964 774519345 976302907
1718574964 1634564716 1769418282
1685013343 993079357 825245037
1681993573 708456755 976302907
1953391990 2053927982 2004037162
761687853 993079357 825245037
1701080899 708456755 976302907
792020015 2054714414 2003054122
1275086931 993079357 825245037
1095649103 708456755 976302907
1933395277 1870296110 1936010794
1851877481 993079357 825245028
1330446452 708456755 976302907
1398752340 2050454574 1886006826
1314344776 993079357 825245031
1685091645 708456755 976565051
761623649 1885960750 1886006826
1685352301 993079357 809330533
1297041408 708456755 892549937
1747926341 809335342 1831742010
795176303 825441073 1030189162
1634232691 1680747066 859517232
1275098222 825245050 774519349
1028083265 976302907 1701866093
1414868547 2053582378 825245031
3681606 993079357 976565051
1598837591 708456755 1768369706
1163152969 2054319150 825245030
1028673362 993079357 976565051
1853190703 708456755 1835150890
1280530223 1031433262 825245040
1767847983 859517232 976565051
1919251566 774519345 1651519018
1275097199 1030716012 825245037
1329815379 859517232 976565051
1397903180 774519345 1735405098
1030976061 809335416 825245037
1768176176 825441073 976565051
993079357 2049845818 1886400042
1815753779 809333875 825245037
825245038 825441073 976565051
976630587 1949182522 1735667242
809330797 1031041914 825245025
1768962608 859517232 976565051
993014845 774519345 1652043306
1933194035 1026718306 825245037
825245039 859517232 976565051
976565051 774519345 1886924330
809332580 809335394 825245037
892549937 825441073 976565051
1029988922 1949182522 1769221674
859516980 809335394 825245030
825244467 825441073 976565051
1029989178 1949182522 1769221674
859516980 1026718306 809330278
825244467 859517232 892549937
1030909754 774519345 1882073658
859516980 809335412 809330542
825244465 825441073 892549937
1030319418 1680747066 1932405306
1933193264 809329253 809330550
926104949 825441073 892549937
976303163 1915628090 1932405306
859662195 809332080 1031432054
859061040 825441073 859517232
1029792570 1781410362 774519349
876294195 809333345 1030188653
2004105777 825441073 859517232
993014589 1999514170 774519349
1866084916 809333345 1031299952
875773303 825441073 859517232
976368699 1697524282 774519349
859665523 809333345 1031171949
875838263 825441073 859517232
1031300410 1932405306 774519349
859517232 809333345 1030189165
774519346 825441073 859517232
1030906228 1915628090 774519349
859517232 809333345 1734701165
774519345 825441073 993079357
1031432052 1630415418 708457779
859517232 809335404 1983016238
774519345 825441073 993079357
1029927521 1630415418 708457779
859517232 809330019 1986751790
774519345 825441073 993079357
1030386273 2049845818 708457779
859517232 809332591 1650816814
774519345 825441073 825245037
1031430516 1663969850 976565051
859517232 1030711664 1735339562
774519345 859517232 825245037
1029793900 774519345 976565051
859517232 809335351 1886203434
774519345 825441073 825244980
1026849388 1915628090 976565051
859517232 825245050 879570474
774519345 976302907 825245046
1030257260 1633889834 976565051
859517232 825245026 1886203434
774519345 976302907 809334324
1634564716 1769418282 892549937
993079357 825245037 1982736954
708456755 976302907 809329263
2053927982 2004037162 892549937
993079357 825245037 1898850874
708456755 976302907 825245044
2054714414 2003054122 976565051
993079357 825245037 1970155050
708456755 976302907 825245046
1870296110 1936010794 976565051
993079357 825245028 1836527146
708456755 976302907 825245046
2050454574 1886006826 976565051
993079357 825245031 1935748650
708456755 976565051 825245030
1885960750 1886006826 976565051
993079357 809330533 1836199466
708456755 892549937 993079357
809335342 1831742010 708457779
825441073 1030189162 1986884142
1680747066 859517232 825245026
825245050 774519349 976565051
976302907 1701866093 1818635818
2053582378 825245031 825245027
993079357 976565051 976565051
708456755 1768369706 1986080298
2054319150 825245030 825245033
993079357 976565051 976565051
708456755 1835150890 1818635818
1031433262 825245040 825245033
859517232 976565051 976565051
774519345 1651519018 1818635818
1030716012 825245037 825245046
859517232 976565051 976565051
774519345 1735405098 1818701354
809335416 825245037 993079357
825441073 976565051 708457779
2049845818 1886400042 1030513710
809333875 825245037 859517232
825441073 976565051 774519349
1949182522 1735667242 1030120312
1031041914 825245025 859517232
859517232 976565051 774519349
774519345 1652043306 1029994360
1026718306 825245037 859517232
859517232 976565051 774519349
774519345 1886924330 1031173497
809335394 825245037 859517232
825441073 976565051 774519349
1949182522 1769221674 1030580067
809335394 825245030 859517232
825441073 976565051 774519349
1949182522 1769221674 1030122853
1026718306 809330278 859517232
859517232 892549937 774519349
774519345 1882073658 1031169903
809335412 809330542 859517232
825441073 892549937 774519349
1680747066 1932405306 1031300975
809329253 809330550 859517232
825441073 892549937 774519349
1915628090 1932405306 1029923169
809332080 1031432054 859516976
825441073 859517232 774519350
1781410362 774519349 809334113
809333345 1030188653 909327152
825441073 859517232 1714301498
1999514170 774519349 1029923180
809333345 1031299952 859516976
825441073 859517232 774519350
1697524282 774519349 1029780589
809333345 1031171949 859516976
825441073 859517232 774519350
1932405306 774519349 1029990765
809333345 1030189165 859516976
825441073 859517232 774519350
1915628090 774519349 1768188269
809333345 1734701165 993013821
825441073 993079357 708458035
1630415418 708457779 1634430254
809335404 1983016238 993013821
825441073 993079357 708458035
1630415418 708457779 863005998
809330019 1986751790 993013821
825441073 993079357 708458035
2049845818 708457779 1668312366
809332591 1650816814 993013821
825441073 825245037 708458035
1663969850 976565051 1734831918
1030711664 1735339562 993013821
859517232 825245037 708458035
774519345 976565051 1029796398
809335351 1886203434 859516976
825441073 825244980 774519350
1915628090 976565051 1031168375
825245050 879570474 859516976
976302907 825245046 774519350
1633889834 976565051 1029793647
825245026 1886203434 859516976
976302907 809334324 774519350
1769418282 892549937 1937076335
825245037 1982736954 993013821
976302907 809329263 708458035
2004037162 892549937 2020635438
825245037 1898850874 993013821
976302907 825245044 708458035
2003054122 976565051 1886615598
825245037 1970155050 808467814
976302907 825245046 976630587
1936010794 976565051 1497454336
825245028 1836527146 1145979212
976302907 825245046 1397310559
1886006826 976565051 1497451600
825245031 1935748650 2036430653
976565051 825245030 1684955500
1886006826 976565051 1275080749
809330533 1836199466 1129534277
892549937 993079357 1163087692
1831742010 708457779 1937059645
1030189162 1986884142 1768042354
859517232 825245026 1701588846
774519349 976565051 1768977267
1701866093 1818635818 622880112
825245031 825245027 1931812979
976565051 976565051 1380275200
1768369706 1986080298 1954037069
825245030 825245033 762147429
976565051 976565051 1664496946
1835150890 1818635818 1919904879
825245040 825245033 1397050368
976565051 976565051 1162891091
1651519018 1818635818 545013070
825245037 825245046 1920169263
976565051 976565051 1852400175
1735405098 1818701354 1936026671
825245037 993079357 1885958259
976565051 708457779 1931812965
1886400042 1030513710 1163089152
825245037 859517232 1769160018
976565051 774519349 1953390952
1735667242 1030120312 1397310464
825245025 859517232 1497451600
976565051 774519349 3160637
1652043306 1029994360 1447839827
825245037 859517232 3226956
976565051 774519349 1598506072
1886924330 1031173497 1414419794
825245037 859517232 1598377289
976565051 774519349 1028802884
1769221674 1030580067 1953393967
825245030 859517232 1819506479
976565051 774519349 1970417511
1769221674 1030122853 1835627630
809330278 859517232 1768172901
892549937 774519349 1398210674
1882073658 1031169903 1447970124
809330542 859517232 1146617917
892549937 774519349 1094999879
1932405306 1031300975 1147093332
809330550 859517232 1028870729
892549937 774519349 1920169263
1932405306 1029923169 1668246575
1031432054 859516976 1932487777
859517232 774519350 1701994856
774519349 809334113 1937059642
1030188653 909327152 1752379250
859517232 1714301498 979726945
774519349 1029923180 1918989871
1031299952 859516976 1651076143
859517232 774519350 1634628399
774519349 1029780589 1680827504
1031171949 859516976 1953198949
859517232 774519350 1342206063
774519349 1029990765 1028150337
1030189165 859516976 1920169263
859517232 774519350 1668246575
774519349 1768188269 1932487777
1734701165 993013821 980314466
993079357 708458035 1920169263
708457779 1634430254 1668246575
1983016238 993013821 1647275105
993079357 708458035 792358505
708457779 863005998 796029813
1986751790 993013821 1852400243
993079357 708458035 1937059642
708457779 1668312366 1768042354
1650816814 993013821 1932474990
825245037 708458035 980314466
976565051 1734831918 1852400175
1735339562 993013821 1937059642
825245037 708458035 1634152306
976565051 1029796398 980641133
1886203434 859516976 1920169263
825244980 774519350 1668246575
976565051 1031168375 1731161185
879570474 859516976 1936026977
825245046 774519350 1937059642
976565051 1029793647 1768697714
1886203434 859516976 1937190754
809334324 774519350 1768697708
892549937 1937076335 1831811682
1982736954 993013821 1664054382
809329263 708458035 1869762607
892549937 2020635438 1835102823
1898850874 993013821 1818838560
825245044 708458035 1294955365
976565051 1886615598 1869767529
1970155050 808467814 1952870259
825245046 976630587 1801742895
976565051 1497454336 774975789
1836527146 1145979212 842083888
825245046 1397310559 1747793710
976565051 1497451600 1886614639
1935748650 2036430653 1647277167
825245030 1684955500 792358505
976565051 1275080749 796159597
1836199466 1129534277 1767321443
993079357 1163087692 2003788910
708457779 1937059645 2037591923
1986884142 1768042354 1835365491
825245026 1701588846 792343091
976565051 1768977267 796159597
1818635818 622880112 1767321443
825245027 1931812979 2003788910
976565051 1380275200 1831811699
1986080298 1954037069 1664054382
825245033 762147429 1852397359
976565051 1664496946 1937207140
1818635818 1919904879 1937330991
825245033 1397050368 862807412
976565051 1162891091 1649880882
1818635818 545013070 792358245
825245046 1920169263 796159597
976565051 1852400175 1767321443
1818701354 1936026671 2003788910
993079357 1885958259 2035494771
708457779 1931812965 1835365491
1030513710 1163089152 1462710835
859517232 1769160018 1868852841
774519349 1953390952 1867543415
1030120312 1397310464 1400006007
859517232 1497451600 1819043176
774519349 3160637 774993455
1029994360 1447839827 792342320
859517232 3226956 796159597
774519349 1598506072 1767321443
1031173497 1414419794 2003788910
859517232 1598377289 2035494771
774519349 1028802884 1835365491
1030580067 1953393967 1328493107
859517232 1819506479 1399743856
774519349 1970417511 976177235
1030122853 1835627630 1953393967
859517232 1768172901 1345282863
774519349 1398210674 1919381362
1031169903 1447970124 1176530273
859517232 1146617917 1936026729
774519349 1094999879 947398688
1031300975 1147093332 1311713590
859517232 1028870729 1229211990
774519349 1920169263 1866670145
1029923169 1668246575 1919905906
859516976 1932487777 1869182049
774519350 1701994856 1750085486
809334113 1937059642 794325881
909327152 1752379250 1835888451
1714301498 979726945 792358511
1029923180 1918989871 796159597
859516976 1651076143 1917857635
774519350 1634628399 1634887535
1029780589 1680827504 1766203501
859516976 1953198949 796091756
774519350 1342206063 1145656910
1029990765 1028150337 1126187337
859516976 1920169263 1869640303
774519350 1668246575 1769234802
1768188269 1932487777 1311731311
993013821 980314466 1229211990
708458035 1920169263 1984831553
1634430254 1668246575 1397312580
993013821 1647275105 1831811666
708458035 792358505 1664054382
863005998 796029813 1313429295
993013821 1852400243 1398230852
708458035 1937059642 1937339183
1668312366 1768042354 862807412
993013821 1932474990 1831811634
708458035 980314466 1664054382
1734831918 1852400175 1313429295
993013821 1937059642 1398230852
708458035 1634152306 1852649274
1029796398 980641133 795029364
859516976 1920169263 1145981271
774519350 1668246575 793990991
1031168375 1731161185 1953724755
859516976 1936026977 842231141
774519350 1937059642 1700943663
1029793647 1768697714 1831811693
859516976 1937190754 1664054382
774519350 1768697708 1313429295
1937076335 1831811682 1398230852
993013821 1664054382 1937330991
708458035 1869762607 862807412
2020635438 1835102823 1767321394
993013821 1818838560 2003788910
708458035 1294955365 2003783795
1886615598 1869767529 1750299237
808467814 1952870259 795634789
976630587 1801742895 808333686
1497454336 774975789 1831811631
1145979212 842083888 1664054382
1397310559 1747793710 1313429295
1497451600 1886614639 1398230852
2036430653 1647277167 1937330991
1684955500 792358505 862807412
1275080749 796159597 1884237618
1129534277 1767321443 1397976677
1163087692 2003788910 792342344
1937059645 2037591923 796159597
1768042354 1835365491 1917857635
1701588846 792343091 1634887535
1768977267 796159597 1766203501
622880112 1767321443 796091756
1931812979 2003788910 796158279
1380275200 1831811699 979660131
1954037069 1664054382 1953393967
762147429 1852397359 1412391983
1664496946 1937207140 1936486255
1919904879 1937330991 1919898671
1397050368 862807412 1936289652
1162891091 1649880882 1314280293
545013070 792358245 1852400175
1920169263 796159597 1852649274
1852400175 1767321443 795029364
1936026671 2003788910 1735357008
1885958259 2035494771 544039282
1931812965 1835365491 1701603654
1163089152 1462710835 1868836723
1769160018 1868852841 1952804468
1953390952 1867543415 1831811631
1397310464 1400006007 1664054382
1497451600 1819043176 1702057263
3160637 774993455 1412395890
1447839827 792342320 1394626113
3226956 796159597 1095245897
1598506072 1767321443 1883320142
1414419794 2003788910 1952531568
1598377289 2035494771 1867263841
1028802884 1835365491 795631971
1953393967 1328493107 1919117645
1819506479 1399743856 1718580079
1970417511 976177235 1767321460
1835627630 1953393967 2003788910
1768172901 1345282863 1886404979
1398210674 1919381362 1831811699
14